#/home/pi/.homebridge/config.json


{
    "bridge": {
            "name": "Home",
            "username": "CC:22:3D:E3:CE:30",
            "port": 51826,
            "pin": "031-45-154"    
    }, 
    "accessories":[

    ],
    "platforms":[
      {
         "platform":"cmdSwitch2",
         "switches":[
            {
               "name": "Lamp",
               "on_cmd": "pilight-send -p raw -c '252 868 224 896 252 896 812 336 812 336 812 308 812 336 280 896 308 812 868 252 252 896 252 896 812 308 336 784 812 392 168 896 252 952 196 896 252 896 252 896 812 336 812 364 784 308 868 280 252 868 252 9604'",
               "off_cmd": "pilight-send -p raw -c '252 868 252 868 280 840 840 336 784 308 868 252 812 308 252 868 252 868 812 308 308 896 196 896 924 224 252 868 812 336 252 896 308 840 280 896 196 896 252 896 252 868 840 308 812 308 812 336 280 896 196 9632'"
            },
            {
               "name": "Lamp2",
               "on_cmd":"pilight-send -p raw -c '252 868 280 896 252 868 840 308 812 308 840 336 812 308 252 868 252 868 840 308 252 896 280 840 840 364 224 868 896 252 252 868 252 868 252 868 336 812 364 840 784 308 252 896 812 308 812 308 252 868 308 9576'",
               "off_cmd":"pilight-send -p raw -c '252 980 168 896 252 896 812 336 812 308 812 336 812 336 252 952 168 896 868 280 252 896 252 896 812 336 280 868 784 392 196 896 224 896 252 896 252 896 252 868 252 896 252 924 868 252 812 336 252 868 252 9660'"
            },
            {
                "name":"Lamp3",
                "on_cmd":"pilight-send -p raw -c '252 896 224 924 224 896 812 336 812 336 840 308 812 336 252 896 252 896 840 308 252 924 224 896 840 308 224 896 812 336 224 896 280 868 252 924 224 896 224 896 812 308 812 336 252 896 812 336 252 924 224 9688'",
                "off_cmd":"pilight-send -p raw -c '252 868 252 896 252 868 840 308 812 364 784 280 812 336 252 896 252 896 812 308 252 868 252 868 812 308 252 896 812 308 252 896 252 868 252 868 252 868 280 868 252 924 784 364 224 952 756 308 252 868 252 9632'"
             }
         ]
      }]
}
